0.9567180332165026 -0.5060429890012875
0.8032422264437425 -0.4461762608978566
1.1998397853779663 -0.3630472294025493
1.8945838862306694 0.12148722738326656
0.9656718149448599 -0.5055882441205999
2.2253450818692646 -0.4861545711170409
2.0917093720166213 -0.16410133585850034
2.6187766633919893 -1.464335011706938
2.249081834516894 -0.5511620652253516
2.9534857473957197 -0.46712106145288024
0.1351249635938941 0.35952413530901
2.567331425923333 -1.3905401509716409
1.2574844102996021 -0.2988809390886045
0.832419416470317 -0.4675137599513878
0.32745359199537966 0.2961346011168411
2.6042114258040097 -1.447005018864287
0.4233226689120763 0.14197992518954347
0.5359268702559695 -0.06696552211266137
2.0945445628463073 -0.16998645485749098
1.13470655238305 -0.4246283697901823
